Average comparison count for Mergesort:

11975
25951
40903
55903
71807
87807
103807
119807
136615
153615
170615
187615
204615
221615
238615
255615
273231
291231
309231
327231
345231
363231
381231
399231
417231
435231
453231
471231
489231
507231
525231
543231
561463
580463
599463
618463
637463
656463
675463
694463
713463
732463
751463
770463
789463
808463
827463
846463
865463
884463
903463
922463
941463
960463
979463
998463
1017463
1036463
1055463
1074463
1093463
1112463
1131463
1150463
1169463
1188927
1208927
1228927
1248927
1268927
1288927
1308927
1328927
1348927
1368927
1388927
1408927
1428927
1448927
1468927
1488927
1508927
1528927
1548927
1568927
1588927
1608927
1628927
1648927
1668927
1688927
1708927
1728927
1748927
1768927
1788927
1808927
1828927
1848927
1868927
