Average comparison count for Quicksort:

12448
27796
44571
62866
82994
102759
123668
146058
170480
193910
219225
246907
274813
300372
330735
364167
393813
425645
461678
493825
529868
563757
602851
641298
681384
723242
762271
805567
847497
892973
942373
985261
1034968
1083814
1134663
1178096
1231429
1287769
1344998
1390644
1444418
1503206
1562572
1621865
1680793
1739445
1808399
1863497
1930758
1994152
2058499
2118778
2197016
2256647
2331402
2406802
2454561
2538301
2620464
2699243
2772716
2847473
2933771
3003576
3082536
3166038
3252895
3332924
3420694
3500459
3572057
3668413
3759658
3848281
3926147
4028023
4105089
4225775
4295153
4396678
4479954
4594371
4669290
4764667
4886024
4977258
5083264
5173883
5296352
5385652
5498517
5598472
5712400
5808205
5916304
6037734
6152573
6257878
6372734
6490690
